0.3138277521904777
0.3097277117126128
0.30944092221119823
0.30983534718261047
0.30858693315702324
0.3064861777707492
0.303789944272527
0.30141593584981735
0.2983480908901628
0.2954471851352033
0.29122846132068286
0.28743311158915485
0.28427382915022575
0.2826102095789212
0.277972741547735
0.27387800355767017
0.27076215174463514
0.26676788947032837
0.2632753759937031
0.2612793381223418
0.25688466329608906
0.2528301269418694
0.24847076379824382
0.24612687667324715
0.24295145896413792
0.24058392797422126
0.23541797506981288
0.23072199845003233
0.22874137004599437
0.22533811098239784
0.2228859549015158
0.21950453866886047
0.21709143460795272
0.2138679552343388
0.21134546815527294
0.20909639735565633
0.20469388014298437
0.20173924155508363
0.19772597797457855
0.19563873737794016
0.19285998780307784
0.1902007581605477
0.1878969354341791
0.18485553190716036
0.18139643563847463
0.17953699574377088
0.1764776628342008
0.17473316717311319
0.17212220399962944
0.16957451427050851
0.16688472835734927
0.16492733351384195
0.1631955712354018
0.1603258859255185
0.15801612842897045
0.15573777973653516
0.1536466311745196
0.15120919367157398
0.14833308652471258
0.1457867792201132
0.14430219590348642
0.14190483507476745
0.1399618322285547
0.13834858204115463
0.13518564094222296
0.13293250237533202
0.13121751725912295
0.12989847591107603
0.12788734355436837
0.12608781520568146
0.12447075441298719
0.12292753775586485
0.12030662568856883
0.11835788893988293
0.11656709264225232
0.11416658020156331
0.11415184255797284
0.11295851125988347
0.11204262659837218
0.10989298103924267
0.108077112976643
0.1064844412543267
0.10500775740588571
0.1035619614698852
0.10229413969723654
0.10054497363121506
0.09927788269650463
0.09832816308710982
0.09622758830743419
0.0950462589735371
0.09411051359834315
0.09306027100503624
0.09131655720284015
0.09068005265969194
0.08944575493939448
0.08824902236160212
0.0865585231066189
0.08540264750157538
0.08483386522705329
0.08410232035921295
0.08252971170429382
0.08135075716680407
0.08058691822205505
0.07915296616510273
0.0789900855463937
0.07809393231885231
0.07649860928134455
0.07590114472020523
0.07519418024708344
0.0742388324886754
0.07354248164944642
0.07166507624003139
0.07188397722752965
0.070889569157683
0.07041754137970448
0.0696353630245336
0.06899446406251684
0.06849896336540627
0.06718315697120068
0.06681642002505943
0.06589576884597641
0.06524679930726762
0.06450219142110412
0.06377374559747832
0.06301225743769756
0.06251020171807338
0.06200735262998314
0.061342824340519665
0.060421278260613755
0.059707012609235784
0.0591759853024266
0.05925427111147598
0.05861172374188763
0.05758668651605256
0.05717303272593861
0.05627089216926387
0.0558359538586062
0.055122904735072024
0.05461535783138197
0.054623565213624846
0.05428504757873104
0.05400098212675034
0.05305874278667742
0.052861907509668675
0.05251463921904682
0.05212520164820665
0.05210721591105479
0.05155820090627974
0.05086074883999485
0.05029617336561547
0.04995337751253783
0.049602019889031096
0.04914292929813119
0.04904762441130139
0.048517761489008035
0.048062447743785805
0.04803203142023409
0.047686387154405235
0.04700493701377276
0.047329488731439835
0.046802317352698006
0.0465429334712928
0.04654232960127527
0.046261255396540205
0.04648170771843118
0.04590983741255932
0.04552390386132058
0.04521390408003044
0.04484457630398396
0.044869469197199724
0.044498045830037115
0.04425693867270711
0.04395408690795792
0.0438379614127103
0.04340655646485722
0.04321013001733851
0.042984243855551864
0.04279013149239259
0.042525761678429135
0.042380023548420256
0.042434068125420464
0.042090309903080304
0.04191976031779265
0.04187428171869841
0.04153020480837386
0.04110988323134511
0.04062741936123755
0.040428887932158486
0.04037582509801946
0.04034153089592441
0.04057342413910081
0.040502948998944334
0.04017821289593727
0.03985522066933779
0.03929572266681162
0.03944754212635419
0.03960454429795964
0.039650112103526425
0.03926328078427921
0.0391099270785786
0.03917461796742351
0.0389562679978832
0.0386457290150508
0.038845256396066216
0.038615896823622785
0.03867101794559445
0.038490543492567406
0.03857279109112505
0.038426917769254505
0.03828095145820219
0.0381773080164458
0.03816626090994718
0.03798349352149243
0.03802247750964135
0.03779996814361868
0.03784774522690596
0.03738740417035688
0.03744269276928925
0.03718503231786387
0.0373059171931069
0.03721793986049429
0.03693975083949316
0.03688632462231971
0.03706431037230395
0.037131280785029384
0.03704326371537183
0.03700008461948686
0.03672284910641421
0.03664950299417304
0.03667378580102785
0.036568361091135024
0.03651478021577548
0.03666481727334131
0.03653039195081274
0.036194192131424566
0.03604281556678971
0.036220830911738104
0.03611931028465203
0.03598485806043867
0.036134887200262956
0.036190215401346225
0.036052832217420436
0.035993499798239174
0.03599564883288875
0.03599122174052581
0.03585800962230713
0.035988318711426534
0.03584254434832307
0.03577388388463915
0.03573381442232145
0.03548188886591956
0.03537880038939568
0.03529776847363684
0.035320794902762284
0.035350964202881204
0.03544548621261781
0.03553551220811058
0.03533946061015687
0.03538527334278021
0.03551538589317201
0.03535601185196393
0.03530314155502351
0.03520429388918812
0.035392575827553015
0.035213466874197
0.035148455118125664
0.03514649973553516
0.035108262306328915
0.03512137895783791
0.035058850159053356
0.034980519066005966
0.035070907637540186
0.03496488564568141
0.03495628452445678
0.03490315952752694
0.03495598977073851
0.03509397608192069
0.035024255483795806
0.03499451494336364
0.03497471761887533
0.034900134708045864
0.03486038353564303
0.0349252868966191
0.03490266312802896
0.034930523058061935
0.03483817134285754
0.034824360230570735
0.03483784881055963
0.034812204511678504
0.03480607517709925
0.034779015426260836
0.034745966553118755
0.034725777390379575
0.03471618281192159
0.03470861865680143
0.03471374823074074