0.3090386934140149
0.30314767974264484
0.29094304144382477
0.28051967392949495
0.27482228156398325
0.2704518411089392
0.26726434248335224
0.26124083557549643
0.2554973438382149
0.24889653964954264
0.24428001309142394
0.23872942565118566
0.23280254663789973
0.22795546536936478
0.22218897456631942
0.21736927111359203
0.21326797148760626
0.2088872211820939
0.20434341842637344
0.20167982140008142
0.196169454823522
0.19229882999378092
0.18815693609854756
0.18345600936342688
0.18015923175741644
0.17589054957908742
0.17221537626841488
0.16699191577294292
0.1637723323176889
0.16314548034878337
0.16581180341103496
0.15317315213820515
0.15054703950015405
0.14809936482879546
0.14579277979846103
0.14417314915560575
0.14083315614174904
0.13939901236178692
0.13596707746474654
0.13433037633129374
0.13390261486285102
0.13088357180179291
0.12707608684071767
0.1256479128519017
0.12421718304570815
0.12364401084204654
0.12118704703649338
0.11975061246013351
0.11750325698281412
0.11650410047131335
0.11332428303660566
0.11109066373465859
0.11047763651794157
0.10837641920185202
0.10622854424160579
0.10471271429632886
0.10298923112549817
0.1018876904496055
0.1007260629761994
0.0989072440264597
0.09778335456628717
0.09610209573148726
0.09562272975328664
0.09453996643591224
0.09369891628331296
0.09271301880615104
0.09048425295034769
0.08990036720488206
0.0881005093925994
0.08702218626794395
0.08643755890109617
0.08586265557439095
0.08467329585597758
0.08335121046933726
0.08234181791586821
0.08080066534224474
0.08010852944450628
0.07849410188971677
0.07705432170214874
0.07636959718275425
0.07535673895214604
0.07493063961584792
0.07411031809351273
0.07271092185416861
0.07203361624966033
0.07128505532539127
0.07135972129802208
0.0707425305728318
0.0704825807630385
0.06992626029002827
0.06915261145423668
0.06766934253344001
0.06777048904415657
0.06704895823028614
0.06603055162231025
0.06553383606327556
0.0646874374056348
0.06378354516055519
0.06352887996399284
0.06275690093930476
0.06202881383760978
0.061606915143650895
0.061059434518837816
0.06067215271772187
0.06006342557591916
0.0599150435208454
0.05920178001124323
0.058944357492859395
0.058517915410220125
0.057989272522702764
0.05760595462326513
0.05657084678776893
0.05592674059082947
0.05573363070675494
0.05516875598908819
0.05496594868693042
0.05419766331491401
0.05382038264198369
0.05362705269165023
0.052867157629051795
0.05272946582431346
0.05245205501578368
0.052167277041825416
0.051266225856515
0.050826238666532964
0.05064675416707211
0.05061868192238156
0.05043941303172886
0.05019544126532244
0.049691107376882315
0.049646086278160945
0.04955954283124445
0.049924500060545524
0.049580190816168414
0.04891201635873757
0.048548788369669416
0.04896977585674539
0.0484300511082545
0.04803923524982761
0.04769054380085984
0.0473854734335205
0.0470123657062492
0.04683892178451447
0.046759209652846113
0.046017431390435966
0.046123014110123595
0.04582466778730087
0.0456691418910475
0.04516128951607806
0.044770208501681716
0.04515993971013506
0.044930591561974084
0.04470469738456749
0.044644450096314896
0.044433116051622513
0.044272898532834455
0.04413570126835873
0.0438397341778918
0.043736352458255745
0.04347171626807276
0.04309941466053923
0.04316997646567727
0.043240978758018536
0.043075906644563275
0.04299941427367995
0.042710848649928454
0.04263722116704882
0.042314348235889226
0.042305362314386606
0.04221758229763163
0.04213867159602435
0.0422837843436454
0.04199596347035905
0.04179304425116641
0.042012628277850704
0.04205232849899727
0.041487158636582894
0.04150606925957296
0.041304718362103254
0.04087715382971197
0.04107113152422671
0.04103784168901641
0.040917242942683285
0.04067155475450494
0.04092521459754641
0.04087916432275042
0.040810725960980516
0.04083009700418363
0.0406650057574417
0.040466448082214654
0.04052075893071507
0.04023360039495327
0.0403549664019153
0.04026070940020964
0.0402933718705854
0.040202493299269074
0.040101615788805
0.0399013988205329
0.03966610983035819
0.03955640932350103
0.0394243890582848
0.039507973106673006
0.039553517593533455
0.03937574539070249
0.039335429317033425
0.03919236347306693
0.03928763462989376
0.03909944594136232
0.03901817585724278
0.03887528754622242
0.03870091798273488
0.03867168538540619
0.03853800051009107
0.038642194068578294
0.03858311483887363
0.03871452061924216
0.03862615725720516
0.03856586442062213
0.038645996326579966
0.03853325321313113
0.038354808574614256
0.038372704318867454
0.03820112238420195
0.0381382075953032
0.03832429968770485
0.038262382316625675
0.03825986220473824
0.03821016002517485
0.03815975205753653
0.038172782057913635
0.03810119510815135
0.038094265249794604
0.03802553213029893
0.03809975976834518
0.038159314672570756
0.038057979663694556
0.03802086669760799
0.03815236947392423
0.03800683439109741
0.037926021371474036
0.03788742065854481
0.03801530995091742
0.037985456986416394
0.03789205736571703
0.037942374103900625
0.03808226624793575
0.03809410111104737
0.03793191938979681
0.037872294817157974
0.03779170263150035
0.03778214700662929
0.03767926525471129
0.03781335339480974
0.03781710693050704
0.03786378093307424
0.03769158492112552
0.0376752327922914
0.03755096841452936
0.03764337194766002
0.03759345661729395
0.03765432088974692
0.0376491706230256
0.03761142453934224
0.037569888467026656
0.03752773768540428
0.03754189290688547
0.03747482933742299
0.03747387132400933
0.03742336733341496
0.037363004089922915
0.03732855255923058
0.03729760003224409
0.03731869320020382
0.037333257308886966
0.037319614829415794
0.03732844565157868
0.037290005736666
0.03726322453130152
0.03723727313448982
0.037220188645707995
0.037226145829243364
0.03723734341312416
0.037224579410721885
0.03722373948719371