0.2971003590261235
0.28384313162635355
0.27896708513007445
0.2679438871495864
0.25752186726849247
0.24977616999051114
0.2424642601482849
0.2364383994076388
0.2307723076888028
0.22453351363541454
0.21965784529713941
0.2156951088046469
0.21002845032738782
0.20598971126773935
0.20168377121054049
0.19580242853433913
0.19247998567576471
0.18834802560826705
0.18521345466272268
0.18215912189750202
0.17865866338909778
0.17405884391534565
0.17093789272480417
0.16684606080151787
0.16378014472318078
0.1599419547737205
0.15773190919138386
0.155606357191144
0.15195272687607284
0.149253727662092
0.14729219685145675
0.14482143807317663
0.14189570770817134
0.13937043523701712
0.13624926997937925
0.13463730402400756
0.13180059761036664
0.1304161083454451
0.12826943096163076
0.12561101267100205
0.12380872552473632
0.12180768014317045
0.11906767272107247
0.11750715422566009
0.11537393769481816
0.11367560621301777
0.11276533924806889
0.11090007234605116
0.11007456813940326
0.10851470979514997
0.10645073329528172
0.10393625656670433
0.1026871393544319
0.10085564386739324
0.09958380208866582
0.09851064290930069
0.09784686547070386
0.09615397136209206
0.0946551901264059
0.09363600302202274
0.09174141911860065
0.08985807669571735
0.08830326143029686
0.08847365908193879
0.08700865129272678
0.08501949673603257
0.08383976181842402
0.08256079584550333
0.0815597608775963
0.07990325031223693
0.07891128911056312
0.07828462486163519
0.07822231937964585
0.07663374576750322
0.07575693207260897
0.07471011074429093
0.073647700001951
0.07295203407032232
0.07217434006255605
0.07147700500966389
0.07076372820840257
0.0701566759188126
0.06920156940655008
0.0676827433403303
0.06690896149368701
0.06635697265620581
0.06515053447490428
0.06458167370259482
0.0638569859873217
0.0635738388989527
0.06204134553881556
0.06166120970742063
0.06170601086208076
0.06026416991201828
0.05917474403679096
0.05931718621100091
0.05849782683673368
0.057747444550003135
0.05756447458994392
0.056943279044350814
0.055655685354225354
0.05506666974752528
0.055439702274990184
0.0551000866293501
0.05445045049911713
0.05337966599532444
0.052543747622726164
0.05161769295038959
0.05097011070106094
0.050745732345597476
0.05037485517715025
0.049812676147432886
0.04867146285303524
0.048885755328327736
0.04857449633931991
0.04826804315226412
0.04821771469991114
0.047264113220093454
0.047046739317500696
0.046864219945719904
0.04641907488509031
0.04609465486524581
0.04568671126702004
0.04528189527968861
0.044627757023333985
0.0444913966084291
0.04408013877200711
0.04392482570144708
0.04327970162509632
0.042945149250513265
0.04293446685998363
0.04268521784828633
0.04239350116088233
0.04189655304511292
0.041209829119843486
0.040553158337990426
0.04040566121551546
0.04035671974627902
0.040078078125453706
0.03975645997991307
0.039375174561147364
0.039336152680979654
0.0389385676610562
0.0383020797416559
0.03806022711862448
0.038365298577842315
0.03785662312149498
0.03782396914427883
0.0374996868661309
0.03681420358067547
0.03690368676668733
0.036715777317726156
0.036429814006085734
0.03619633476556497
0.03601787215065861
0.035995674424143365
0.03575006581486156
0.03554930115945763
0.035891917905554176
0.03505009548661369
0.034861456813477174
0.03449496407726241
0.034676576915499066
0.034355909280908405
0.03422501079752155
0.033759445988027215
0.033703805395293246
0.03343355590833625
0.03355833405797132
0.03374098956958319
0.03302777213440884
0.03288193228131304
0.03288646960230051
0.03220995578869081
0.0324721413829486
0.032057534888396834
0.032037060127887346
0.03213224409619381
0.03176287152858868
0.03167300396717226
0.031113637780284437
0.030791777707240883
0.030701446475521043
0.03064622236329818
0.030527227510588856
0.03054572772297255
0.03080118753861755
0.03021440045553626
0.030171429164206152
0.030389292979992214
0.030304235339147736
0.030217056938745736
0.029624574764325867
0.029560459581419538
0.029619049962318126
0.029465895126324075
0.029469446352808355
0.02934269071372792
0.0291603337445578
0.029354750451264965
0.029115430230321163
0.02955637457674826
0.02928139798606679
0.029075810148505535
0.028622768043554445
0.028301720448191202
0.02826655479651558
0.028008446060185748
0.028088474204776472
0.027812628867206705
0.027907048638085307
0.02809751378022759
0.028104792856535353
0.027941076316970626
0.027693662384189553
0.02758232711796213
0.027335235415137844
0.027486468207275395
0.027375325343112843
0.0271721837878139
0.026947585063420147
0.026779644954610254
0.026893865022693454
0.02703234968022017
0.027132550243096267
0.026989254815143342
0.027149525233887518
0.026833369852814055
0.026650879942130046
0.02682000958466032
0.026516307313204885
0.026333929903459827
0.026101321974763683
0.026407552155756592
0.02649517924503191
0.026060651839700192
0.02608357572665458
0.026217393675643894
0.02593727509035699
0.02589472008841717
0.025971854437973972
0.025977616745547646
0.025801780313675707
0.025698697389756303
0.025751770958108485
0.025475713826297344
0.025240184227898112
0.025298541216861616
0.025245006645124416
0.025256533903885117
0.02546327598527395
0.02530295061875497
0.025293936585691703
0.02514614875502764
0.025428333322893053
0.025299775753851263
0.02500325451110483
0.024979608748991706
0.025120118979134017
0.02494455980766598
0.024880180326240325
0.025074361818541103
0.0248868220007125
0.0250582071610625
0.024821809215751008
0.024963547649970698
0.024766371649476766
0.024650039274705427
0.02472356804903614
0.024786777512882118
0.02468850494171273
0.024737171420476115
0.024676125587826777
0.024550704641202546
0.02456082591916872
0.02461797110923556
0.02451195922412763
0.024357262722515968
0.024195485164251417
0.024064280019001634
0.024273729231915488
0.02422725597740813
0.02419765330340455
0.024068059030876984
0.024413504665496927
0.02427789195650746
0.02415036201024181
0.024088638435808624
0.024067493232983784
0.02402817350338397
0.024195506485032863
0.023891770324769936
0.02388929181649279
0.024004843062967605
0.02392866842764965
0.023728027499197602
0.023756427534795756
0.0239241933381433
0.023980026620771998
0.02388511734847148
0.02389660530642955
0.023888930327351406
0.023696965243137847
0.02371308322554462
0.02388382361595304
0.02366437614906931
0.023683760146499873
0.023606211299684265
0.023775565236870785
0.02387677944237412
0.023821784561322924
0.02370608422038439
0.023651787929370074
0.023804055333382448
0.023662758926905555
0.023630332351576657
0.023574114716315035
0.023460858214044554
0.023591258288567635
0.023526676096539682
0.023386539256894514
0.023378405393098104
0.023370068144619647
0.023315414625950836
0.023335599538505367
0.023399998964853678
0.02326607932986118
0.023342041342461595
0.023232843544672074
0.023310029974189864
0.02326924966935547
0.023156283559665945
0.023238009401722635
0.02317223592288352
0.023161864209070814
0.023021385860736772
0.023001908703625104
0.023020620893277593
0.023061648353022827
0.02317105939778391
0.023144256587904154
0.023122256984334837
0.022991604894853617
0.02291376164474035
0.02318893889077335
0.02311653092841953
0.0230840883369065
0.02306990502177974
0.023094916225847632
0.022933361971559554
0.023036296596799767
0.0229958615412361
0.02303179334811264
0.023039953665291244
0.022962649218784895
0.023095253703760244
0.02295038595821148
0.02286183557842321
0.02293015134341035
0.02289756780426708
0.022729570486323833
0.022817327019420273
0.022965827641732252
0.022863208912715583
0.02280330742738171
0.022724525534389854
0.022710775463863433
0.022687947365032112
0.02270440263787066
0.022743184835758587
0.022842307778613402
0.022859031735910907
0.02278762011633994
0.022887650031557228
0.022825755859319487
0.02278041123536401
0.022794167226373303
0.022795707412125932
0.02279241027452342
0.022704725700559293
0.022771833754391894
0.022711090802869843
0.022649106965988382
0.022678024552814226
0.02270691229525328
0.02271976008635903
0.02273439755124768
0.02272384463911635
0.022713180512021855
0.02271417169788359
0.022718092511807318
0.022721077663645287
0.022676009583663656
0.02269068806656675
0.0226814294616601
0.022649544667237634
0.022653823278149906
0.02264143223835708
0.022632775738634633
0.022632296579649075
0.02261205685478335
0.022620087548598605
0.022610545443116224
0.02260894970453799
0.022602196777194453
0.02261037823847289