0.2966846806161544
0.2861176518832936
0.2754241253150644
0.266845680569368
0.2593439859354336
0.25214735906508356
0.245247944272887
0.23824262915275515
0.23208837711974298
0.22532668860832494
0.22164710450591812
0.2160201615838407
0.21096418651555154
0.20648837131376505
0.20030125902253926
0.1954417692321641
0.19059002980026749
0.18711855619358617
0.18357817975138627
0.17927939218773076
0.17430106321304548
0.17095590032640012
0.16698707759572345
0.1637610141116486
0.16068814428233286
0.15677051645425522
0.1539162928185323
0.1507756469661829
0.14764341589876057
0.14499737535953255
0.14160214938109272
0.13783620700896462
0.13527498696446544
0.1329360143058826
0.12973354626774072
0.1285758142317767
0.12560033770177012
0.12304641464874723
0.12123537113294225
0.11930701188584335
0.11685905275126086
0.11426076649037936
0.11131471466409755
0.10891205800574283
0.10773786849980295
0.10556339226139805
0.10323418237539937
0.10161104082102215
0.09946903389716363
0.0982124051629271
0.09692034911258658
0.09522583162949619
0.09382359490217147
0.092703126188127
0.0914199717964979
0.08959097416755553
0.08719690899491289
0.08492315920768707
0.08426618808257054
0.08377721571969107
0.08229121713142304
0.08044554074938301
0.07969663195846548
0.0777945954536498
0.07665835088443468
0.07586526903030127
0.07487776438881662
0.07371309965843084
0.07235284974626564
0.07156754228564631
0.07053182288572651
0.06973047599711236
0.06873396564219614
0.06769120797586578
0.06672808755789766
0.06583727986429333
0.06483903369129759
0.0637273762267727
0.06288436961510373
0.062141712070286216
0.06115332112296041
0.060801057176581
0.05968008942511586
0.05912333080203218
0.05837513951731314
0.057626077712469616
0.056441782359535564
0.05619677496140967
0.055577047344489934
0.055082305932719185
0.05416747839390073
0.053284423109920084
0.05309255355953509
0.051975323380905575
0.0518007855391735
0.05084832917926679
0.050436564575282526
0.050070433382832354
0.04930868355275661
0.04868348661579314
0.04819251324360883
0.047583339503068714
0.04722948703733128
0.04659911896113825
0.04590256064259158
0.045648583155958905
0.04582398757895039
0.045286043398842145
0.04490365395028751
0.04458641709336252
0.04428160020159529
0.04373439390713048
0.04255156960730664
0.04209548658897592
0.041833450038440155
0.04196543373209936
0.041076909023699315
0.040670404821549204
0.04008231568022981
0.04003000512398836
0.04003292447667146
0.04021455273462003
0.039920630134886746
0.039397366491888415
0.03911715006863221
0.0385520196761182
0.038141719506876344
0.03766071718168008
0.03784978818507147
0.037402984006025215
0.036966548224099866
0.036569220797864774
0.036360261008457635
0.03614527700180305
0.03584008559857945
0.035842151456735354
0.03575401997895556
0.03533636788188856
0.03517264201709313
0.034908763003275646
0.03453139128111402
0.03440142939633345
0.033810433351124054
0.033723942433861225
0.03360936481010172
0.03333585473327749
0.033298406358475946
0.032971087308400766
0.032861569059180515
0.03272430684416502
0.032556121637908844
0.032426286840515704
0.0322231101008636
0.031988544044968134
0.032002481096924176
0.031847934828074395
0.03177587970284243
0.03201299853824121
0.0315785063973609
0.031177979545007787
0.0312107939849492
0.030828205448917526
0.030136446586873034
0.030244999312364244
0.03021372890891675
0.030135174772405605
0.029938342786254516
0.029660602324986438
0.029876051843734864
0.029680074129789583
0.02951064587575307
0.02955062431067905
0.029384784827789702
0.02935417087925405
0.02938096697379208
0.02915982858563481
0.02876037478869671
0.028720263424413583
0.02880788640400039
0.02832704422614744
0.028392754047775828
0.028334605103952464
0.02812606873789594
0.02834930049928631
0.02825538698899726
0.028284965993543135
0.028171773703608585
0.028208208765812866
0.027942454923245166
0.02770353441148909
0.027687685510578392
0.027988715242765545
0.02785757383927697
0.02795908971770494
0.027995647038190314
0.02747992263412595
0.027446675076488916
0.027382737425518607
0.027283357662700194
0.027235627498093395
0.026885876852972477
0.026688868044514116
0.026925282683817532
0.026982616600187512
0.02669812437804996
0.026575052302910573
0.026579644083871288
0.026438086044715564
0.02627043648294156
0.02639831370881829
0.026349588479756398
0.02632422195460459
0.026151064690517475
0.026225026263553015
0.026111279276436306
0.026232228161610048
0.026163306394230028
0.026288668434200572
0.025944899597749555
0.026099134292933732
0.02605920194045314
0.025836149857472065
0.025822414647292416
0.026040995786734522
0.02605174455689462
0.025707903981944592
0.025675021711727315
0.025744675950377452
0.02557745685905755
0.025578599849207375
0.025807919456364268
0.0259337026469012
0.025813557471336686
0.025811472780209236
0.025667386320603773
0.02551442202725074
0.02556829746348331
0.02546304097704295
0.025278225651806964
0.025191013065501457
0.025174124929879683
0.02511322660744897
0.025037645381810865
0.025003337513829757
0.025009990214079077
0.024853015416358707
0.024797608971624925
0.024762122172652876
0.02468262508403712
0.024621656281097314
0.024659598815464753
0.02482273730375084
0.02484288009354342
0.02478138319164149
0.024755136382653763
0.024607381750993463
0.02461950012344809
0.02456753145178053
0.02477229876256258
0.024929711825619892
0.024843364448403474
0.024839070232985427
0.024867314402010458
0.02466620930720211
0.024560406146318176
0.02470595261618178
0.024776784189605442
0.02485254309850792
0.024835774993816156
0.024671144834647496
0.024606294829181075
0.02447869973895062
0.024529381319179176
0.024556650503498815
0.024536967790795828
0.024537610289241372
0.024440571427369596
0.024462184172306056
0.024525112052248114
0.02455452547787686
0.024546931277176266
0.024443364424454488
0.024406335904500722
0.02438715813733593
0.024394016204782126
0.024466330823723275
0.0244256466444608
0.024288363578357956
0.024342152060957942
0.02427336269148902
0.024415976002730887
0.024425056289692434
0.024391489580268558
0.02430552870661617
0.02429991382173194
0.02423414690540228
0.024278882383136684
0.024197451359216325
0.024228016891786323
0.024190535733942826
0.024200552342616092
0.02420662836723362
0.024211447570848785
0.024227162512988704
0.024203676253408576
0.024215345358452073
0.02418169251115453
0.024150550637822572
0.02413716100000609
0.024130831101321262
0.024130400042494872
0.024120380708421957
0.02411122904645357
0.02410609810473964
0.02410154655524371
0.02410238758895204