0.28305021620730627
0.24373212034171562
0.21872047605728853
0.19955273834299134
0.18378341976252591
0.17048296476691177
0.15907933578401290
0.14918475273521131
0.14052013796318222
0.13287622610772076
0.12609130209900771
0.12003747089833754
0.11461170628927038
0.10972975908000117
0.10532186654941311
0.10132964451249349
0.09770378272633817
0.09440230177435945
0.09138921200809744
0.08863346645790564
0.08610813261842609
0.08378972981560220
0.08165769361843705
0.07969393896205063
0.07788250083863647
0.07620923656625828
0.07466157739586521
0.07322831998438324
0.07189945032975210
0.07066599432698853
0.06951989029852146
0.06845387977319399
0.06746141350528383
0.06653657028758013
0.06567398655759130
0.06486879515048537
0.06411657183669559
0.06341328851159528
0.06275527209094055
0.06213916831786046
0.06156190981197752
0.06102068779416338
0.06051292700570955
0.06003626341165760
0.05958852433733673
0.05916771073691200
0.05877198133464821
0.05839963841500984
0.05804911506775206
0.05771896371971302
0.05740784580682907
0.05711452245856612
0.05683784608298969
0.05657675275449494
0.05633025531812718
0.05609743713472830
0.05587744640008231
0.05566949097900334
0.05547283370207946
0.05528678807869744
0.05511071438514588
0.05494401609112882
0.05478613659200578
0.05463655621757946
0.05449478949134314
0.05436038261682943
0.05423291117011659
0.05411197797968827
0.05399721117674135
0.05388826240072424
0.05378480514639034
0.05368653323999058
0.05359315943342411
0.05350441410623519
0.05342004406630015
0.05333981144090569
0.05326349265068884
0.05319087745959923
0.05312176809466645
0.05305597842991395
0.05299333322926580
0.05293366744374754
0.05287682555869334
0.05282266098704368
0.05277103550515404
0.05272181872784019
0.05267488761966197
0.05263012603969859
0.05258742431729659
0.05254667885647878
0.05250779176689146
0.05247067051933913
0.05243522762411251
0.05240138033045899
0.05236905034567500
0.05233816357241934
0.05230864986295562
0.05228044278913171
0.05225347942699595
0.05222770015503334
0.05220304846508222
0.05217947078506221
0.05215691631270930
0.05213533685957338
0.05211468670458834
0.05209492245657540
0.05207600292508650
0.05205788899903763
0.05204054353262122
0.05202393123802318
0.05200801858450358
0.05199277370343121
0.05197816629889059
0.05196416756350678
0.05195075009915750
0.05193788784226500
0.05192555599338090
0.05191373095079686
0.05190239024793154
0.05189151249426163
0.05188107731957958
0.05187106532137548
0.05186145801515368
0.05185223778750715
0.05184338785178422
0.05183489220619296
0.05182673559419840
0.05181890346707711
0.05181138194850239
0.05180415780104116
0.05179721839445126
0.05179055167567486
0.05178414614043023
0.05177799080630992
0.05177207518729959
0.05176638926963639
0.05176092348893128
0.05175566870848407
0.05175061619872413
0.05174575761771400
0.05174108499265685
0.05173659070235214
0.05173226746054733
0.05172810830013631
0.05172410655815849
0.05172025586155480
0.05171655011363975
0.05171298348125081
0.05170955038253876
0.05170624547536481
0.05170306364627187
0.0517028093482491