0.28204609962070687
0.24311412038171992
0.21775932373369442
0.20062921108568416
0.18868816959507326
0.18000824986135258
0.1730616290779675
0.16762279798002805
0.16308950194541147
0.15941474008209566
0.15618062369963703
0.1533630181761349
0.1508645333787974
0.14873173569931702
0.14697074679767383
0.1451767946867382
0.1437103025176946
0.14237768790301156
0.1411088053794468
0.14007765387787538
0.1390210383078631
0.13813943240572424
0.13731163696331136
0.1366187086876701
0.1358880747767056
0.135266556985238
0.13469348155400332
0.13420649468898774
0.13363095548223047
0.13329602190676856
0.13285611333215938
0.1324614076929934
0.13205031068886028
0.1317999575067969
0.13147251991664663
0.13117025363094667
0.1308755412697792
0.13063347348395515
0.13036270281847787
0.1301807709476527
0.12993118298404358
0.12966751570210738
0.12949843029765523
0.12931882756597857
0.12912369563299067
0.128942928156432
0.1288041833569022
0.12869200934382047
0.12846074323443807
0.12839181992937537
0.1282623347114114
0.1281437716063331
0.12804790621294695
0.12782418166889864
0.12773510813713074
0.12772193288101868
0.12753345054738663
0.12749309925472035
0.12737110371098798
0.12732043599381165
0.1273239131359493
0.12705673987374586
0.12700880546780194
0.1269282911630238
0.12682401011971867
0.1268393766354112
0.12677245034891016
0.12668089603676516
0.12659425972139135
0.12650530925568412
0.12647991329431535
0.1263985754812465
0.1263934124042006
0.12624322246102726
0.1262232194052023
0.12615387404666228
0.12614118228940402
0.12600067661089057
0.12602514852495755
0.12599329795030986
0.1258910597247236
0.12585711803506403
0.1258013439090813
0.12573905766886823
0.12571450818110916
0.12567627771812326
0.12564377276336444
0.12557265223825678
0.12555861376664218
0.12550185831154095
0.12550209949121754
0.12539624414023232
0.12536659779794077
0.12529760555309408
0.12539856245412545
0.12520905294839074
0.12521592225222028
0.1251794068252339
0.1251881005571169
0.12513845711946486
0.12505247435149025
0.12507825853193508
0.12504998278968474
0.12502737461644062
0.12491212929872905
0.12493548761395847
0.12490253172376577
0.12485415484098827
0.12486252635717392
0.12482242351945709
0.12475779337041518
0.1247878195170094
0.1247200888745925
0.12470887005329132
0.12471977222491713
0.11719959527254105
0.11473394465797088
0.11412910757695928
0.1137998008990989
0.11359916189137627
0.11346870450412526
0.11336406521937427
